{
 "cells": [
  {
   "cell_type": "code",
   "execution_count": 32,
   "metadata": {},
   "outputs": [],
   "source": [
    "import pandas as pd"
   ]
  },
  {
   "cell_type": "markdown",
   "metadata": {},
   "source": [
    "Тестовая задача"
   ]
  },
  {
   "cell_type": "markdown",
   "metadata": {},
   "source": [
    "Сетка истинного решения тестовой задачи"
   ]
  },
  {
   "cell_type": "code",
   "execution_count": 33,
   "metadata": {},
   "outputs": [
    {
     "data": {
      "text/html": [
       "<div>\n",
       "<style scoped>\n",
       "    .dataframe tbody tr th:only-of-type {\n",
       "        vertical-align: middle;\n",
       "    }\n",
       "\n",
       "    .dataframe tbody tr th {\n",
       "        vertical-align: top;\n",
       "    }\n",
       "\n",
       "    .dataframe thead th {\n",
       "        text-align: right;\n",
       "    }\n",
       "</style>\n",
       "<table border=\"1\" class=\"dataframe\">\n",
       "  <thead>\n",
       "    <tr style=\"text-align: right;\">\n",
       "      <th></th>\n",
       "      <th>0</th>\n",
       "      <th>1</th>\n",
       "      <th>2</th>\n",
       "      <th>3</th>\n",
       "      <th>4</th>\n",
       "      <th>5</th>\n",
       "      <th>6</th>\n",
       "      <th>7</th>\n",
       "      <th>8</th>\n",
       "      <th>9</th>\n",
       "      <th>10</th>\n",
       "    </tr>\n",
       "  </thead>\n",
       "  <tbody>\n",
       "    <tr>\n",
       "      <th>0</th>\n",
       "      <td>0.367879</td>\n",
       "      <td>0.527292</td>\n",
       "      <td>0.697676</td>\n",
       "      <td>0.852144</td>\n",
       "      <td>0.960789</td>\n",
       "      <td>1.000000</td>\n",
       "      <td>0.960789</td>\n",
       "      <td>0.852144</td>\n",
       "      <td>0.697676</td>\n",
       "      <td>0.527292</td>\n",
       "      <td>0.367879</td>\n",
       "    </tr>\n",
       "    <tr>\n",
       "      <th>1</th>\n",
       "      <td>0.527292</td>\n",
       "      <td>0.755784</td>\n",
       "      <td>1.000000</td>\n",
       "      <td>1.221403</td>\n",
       "      <td>1.377128</td>\n",
       "      <td>1.433329</td>\n",
       "      <td>1.377128</td>\n",
       "      <td>1.221403</td>\n",
       "      <td>1.000000</td>\n",
       "      <td>0.755784</td>\n",
       "      <td>0.527292</td>\n",
       "    </tr>\n",
       "    <tr>\n",
       "      <th>2</th>\n",
       "      <td>0.697676</td>\n",
       "      <td>1.000000</td>\n",
       "      <td>1.323130</td>\n",
       "      <td>1.616074</td>\n",
       "      <td>1.822119</td>\n",
       "      <td>1.896481</td>\n",
       "      <td>1.822119</td>\n",
       "      <td>1.616074</td>\n",
       "      <td>1.323130</td>\n",
       "      <td>1.000000</td>\n",
       "      <td>0.697676</td>\n",
       "    </tr>\n",
       "    <tr>\n",
       "      <th>3</th>\n",
       "      <td>0.852144</td>\n",
       "      <td>1.221403</td>\n",
       "      <td>1.616074</td>\n",
       "      <td>1.973878</td>\n",
       "      <td>2.225541</td>\n",
       "      <td>2.316367</td>\n",
       "      <td>2.225541</td>\n",
       "      <td>1.973878</td>\n",
       "      <td>1.616074</td>\n",
       "      <td>1.221403</td>\n",
       "      <td>0.852144</td>\n",
       "    </tr>\n",
       "    <tr>\n",
       "      <th>4</th>\n",
       "      <td>0.960789</td>\n",
       "      <td>1.377128</td>\n",
       "      <td>1.822119</td>\n",
       "      <td>2.225541</td>\n",
       "      <td>2.509290</td>\n",
       "      <td>2.611696</td>\n",
       "      <td>2.509290</td>\n",
       "      <td>2.225541</td>\n",
       "      <td>1.822119</td>\n",
       "      <td>1.377128</td>\n",
       "      <td>0.960789</td>\n",
       "    </tr>\n",
       "    <tr>\n",
       "      <th>5</th>\n",
       "      <td>1.000000</td>\n",
       "      <td>1.433329</td>\n",
       "      <td>1.896481</td>\n",
       "      <td>2.316367</td>\n",
       "      <td>2.611696</td>\n",
       "      <td>2.718282</td>\n",
       "      <td>2.611696</td>\n",
       "      <td>2.316367</td>\n",
       "      <td>1.896481</td>\n",
       "      <td>1.433329</td>\n",
       "      <td>1.000000</td>\n",
       "    </tr>\n",
       "    <tr>\n",
       "      <th>6</th>\n",
       "      <td>0.960789</td>\n",
       "      <td>1.377128</td>\n",
       "      <td>1.822119</td>\n",
       "      <td>2.225541</td>\n",
       "      <td>2.509290</td>\n",
       "      <td>2.611696</td>\n",
       "      <td>2.509290</td>\n",
       "      <td>2.225541</td>\n",
       "      <td>1.822119</td>\n",
       "      <td>1.377128</td>\n",
       "      <td>0.960789</td>\n",
       "    </tr>\n",
       "    <tr>\n",
       "      <th>7</th>\n",
       "      <td>0.852144</td>\n",
       "      <td>1.221403</td>\n",
       "      <td>1.616074</td>\n",
       "      <td>1.973878</td>\n",
       "      <td>2.225541</td>\n",
       "      <td>2.316367</td>\n",
       "      <td>2.225541</td>\n",
       "      <td>1.973878</td>\n",
       "      <td>1.616074</td>\n",
       "      <td>1.221403</td>\n",
       "      <td>0.852144</td>\n",
       "    </tr>\n",
       "    <tr>\n",
       "      <th>8</th>\n",
       "      <td>0.697676</td>\n",
       "      <td>1.000000</td>\n",
       "      <td>1.323130</td>\n",
       "      <td>1.616074</td>\n",
       "      <td>1.822119</td>\n",
       "      <td>1.896481</td>\n",
       "      <td>1.822119</td>\n",
       "      <td>1.616074</td>\n",
       "      <td>1.323130</td>\n",
       "      <td>1.000000</td>\n",
       "      <td>0.697676</td>\n",
       "    </tr>\n",
       "    <tr>\n",
       "      <th>9</th>\n",
       "      <td>0.527292</td>\n",
       "      <td>0.755784</td>\n",
       "      <td>1.000000</td>\n",
       "      <td>1.221403</td>\n",
       "      <td>1.377128</td>\n",
       "      <td>1.433329</td>\n",
       "      <td>1.377128</td>\n",
       "      <td>1.221403</td>\n",
       "      <td>1.000000</td>\n",
       "      <td>0.755784</td>\n",
       "      <td>0.527292</td>\n",
       "    </tr>\n",
       "    <tr>\n",
       "      <th>10</th>\n",
       "      <td>0.367879</td>\n",
       "      <td>0.527292</td>\n",
       "      <td>0.697676</td>\n",
       "      <td>0.852144</td>\n",
       "      <td>0.960789</td>\n",
       "      <td>1.000000</td>\n",
       "      <td>0.960789</td>\n",
       "      <td>0.852144</td>\n",
       "      <td>0.697676</td>\n",
       "      <td>0.527292</td>\n",
       "      <td>0.367879</td>\n",
       "    </tr>\n",
       "  </tbody>\n",
       "</table>\n",
       "</div>"
      ],
      "text/plain": [
       "           0         1         2         3         4         5         6  \\\n",
       "0   0.367879  0.527292  0.697676  0.852144  0.960789  1.000000  0.960789   \n",
       "1   0.527292  0.755784  1.000000  1.221403  1.377128  1.433329  1.377128   \n",
       "2   0.697676  1.000000  1.323130  1.616074  1.822119  1.896481  1.822119   \n",
       "3   0.852144  1.221403  1.616074  1.973878  2.225541  2.316367  2.225541   \n",
       "4   0.960789  1.377128  1.822119  2.225541  2.509290  2.611696  2.509290   \n",
       "5   1.000000  1.433329  1.896481  2.316367  2.611696  2.718282  2.611696   \n",
       "6   0.960789  1.377128  1.822119  2.225541  2.509290  2.611696  2.509290   \n",
       "7   0.852144  1.221403  1.616074  1.973878  2.225541  2.316367  2.225541   \n",
       "8   0.697676  1.000000  1.323130  1.616074  1.822119  1.896481  1.822119   \n",
       "9   0.527292  0.755784  1.000000  1.221403  1.377128  1.433329  1.377128   \n",
       "10  0.367879  0.527292  0.697676  0.852144  0.960789  1.000000  0.960789   \n",
       "\n",
       "           7         8         9        10  \n",
       "0   0.852144  0.697676  0.527292  0.367879  \n",
       "1   1.221403  1.000000  0.755784  0.527292  \n",
       "2   1.616074  1.323130  1.000000  0.697676  \n",
       "3   1.973878  1.616074  1.221403  0.852144  \n",
       "4   2.225541  1.822119  1.377128  0.960789  \n",
       "5   2.316367  1.896481  1.433329  1.000000  \n",
       "6   2.225541  1.822119  1.377128  0.960789  \n",
       "7   1.973878  1.616074  1.221403  0.852144  \n",
       "8   1.616074  1.323130  1.000000  0.697676  \n",
       "9   1.221403  1.000000  0.755784  0.527292  \n",
       "10  0.852144  0.697676  0.527292  0.367879  "
      ]
     },
     "execution_count": 33,
     "metadata": {},
     "output_type": "execute_result"
    }
   ],
   "source": [
    "data = pd.read_csv('data_u_test.csv')\n",
    "data"
   ]
  },
  {
   "cell_type": "markdown",
   "metadata": {},
   "source": [
    "Сетка численного решения тестовой задачи"
   ]
  },
  {
   "cell_type": "code",
   "execution_count": 34,
   "metadata": {},
   "outputs": [
    {
     "data": {
      "text/html": [
       "<div>\n",
       "<style scoped>\n",
       "    .dataframe tbody tr th:only-of-type {\n",
       "        vertical-align: middle;\n",
       "    }\n",
       "\n",
       "    .dataframe tbody tr th {\n",
       "        vertical-align: top;\n",
       "    }\n",
       "\n",
       "    .dataframe thead th {\n",
       "        text-align: right;\n",
       "    }\n",
       "</style>\n",
       "<table border=\"1\" class=\"dataframe\">\n",
       "  <thead>\n",
       "    <tr style=\"text-align: right;\">\n",
       "      <th></th>\n",
       "      <th>0</th>\n",
       "      <th>1</th>\n",
       "      <th>2</th>\n",
       "      <th>3</th>\n",
       "      <th>4</th>\n",
       "      <th>5</th>\n",
       "      <th>6</th>\n",
       "      <th>7</th>\n",
       "      <th>8</th>\n",
       "      <th>9</th>\n",
       "      <th>10</th>\n",
       "    </tr>\n",
       "  </thead>\n",
       "  <tbody>\n",
       "    <tr>\n",
       "      <th>0</th>\n",
       "      <td>0.367879</td>\n",
       "      <td>0.527292</td>\n",
       "      <td>0.697676</td>\n",
       "      <td>0.852144</td>\n",
       "      <td>0.960789</td>\n",
       "      <td>1.000000</td>\n",
       "      <td>0.960789</td>\n",
       "      <td>0.852144</td>\n",
       "      <td>0.697676</td>\n",
       "      <td>0.527292</td>\n",
       "      <td>0.367879</td>\n",
       "    </tr>\n",
       "    <tr>\n",
       "      <th>1</th>\n",
       "      <td>0.527292</td>\n",
       "      <td>0.756071</td>\n",
       "      <td>1.001780</td>\n",
       "      <td>1.225138</td>\n",
       "      <td>1.382492</td>\n",
       "      <td>1.439325</td>\n",
       "      <td>1.382492</td>\n",
       "      <td>1.225138</td>\n",
       "      <td>1.001780</td>\n",
       "      <td>0.756071</td>\n",
       "      <td>0.527292</td>\n",
       "    </tr>\n",
       "    <tr>\n",
       "      <th>2</th>\n",
       "      <td>0.697676</td>\n",
       "      <td>1.001780</td>\n",
       "      <td>1.328235</td>\n",
       "      <td>1.625053</td>\n",
       "      <td>1.834208</td>\n",
       "      <td>1.909761</td>\n",
       "      <td>1.834208</td>\n",
       "      <td>1.625053</td>\n",
       "      <td>1.328235</td>\n",
       "      <td>1.001780</td>\n",
       "      <td>0.697676</td>\n",
       "    </tr>\n",
       "    <tr>\n",
       "      <th>3</th>\n",
       "      <td>0.852144</td>\n",
       "      <td>1.225138</td>\n",
       "      <td>1.625053</td>\n",
       "      <td>1.988517</td>\n",
       "      <td>2.244602</td>\n",
       "      <td>2.337105</td>\n",
       "      <td>2.244602</td>\n",
       "      <td>1.988517</td>\n",
       "      <td>1.625053</td>\n",
       "      <td>1.225138</td>\n",
       "      <td>0.852144</td>\n",
       "    </tr>\n",
       "    <tr>\n",
       "      <th>4</th>\n",
       "      <td>0.960789</td>\n",
       "      <td>1.382492</td>\n",
       "      <td>1.834208</td>\n",
       "      <td>2.244602</td>\n",
       "      <td>2.533711</td>\n",
       "      <td>2.638137</td>\n",
       "      <td>2.533711</td>\n",
       "      <td>2.244602</td>\n",
       "      <td>1.834208</td>\n",
       "      <td>1.382492</td>\n",
       "      <td>0.960789</td>\n",
       "    </tr>\n",
       "    <tr>\n",
       "      <th>5</th>\n",
       "      <td>1.000000</td>\n",
       "      <td>1.439325</td>\n",
       "      <td>1.909761</td>\n",
       "      <td>2.337105</td>\n",
       "      <td>2.638137</td>\n",
       "      <td>2.746867</td>\n",
       "      <td>2.638137</td>\n",
       "      <td>2.337105</td>\n",
       "      <td>1.909761</td>\n",
       "      <td>1.439325</td>\n",
       "      <td>1.000000</td>\n",
       "    </tr>\n",
       "    <tr>\n",
       "      <th>6</th>\n",
       "      <td>0.960789</td>\n",
       "      <td>1.382492</td>\n",
       "      <td>1.834208</td>\n",
       "      <td>2.244602</td>\n",
       "      <td>2.533711</td>\n",
       "      <td>2.638137</td>\n",
       "      <td>2.533711</td>\n",
       "      <td>2.244602</td>\n",
       "      <td>1.834208</td>\n",
       "      <td>1.382492</td>\n",
       "      <td>0.960789</td>\n",
       "    </tr>\n",
       "    <tr>\n",
       "      <th>7</th>\n",
       "      <td>0.852144</td>\n",
       "      <td>1.225138</td>\n",
       "      <td>1.625053</td>\n",
       "      <td>1.988517</td>\n",
       "      <td>2.244602</td>\n",
       "      <td>2.337105</td>\n",
       "      <td>2.244602</td>\n",
       "      <td>1.988517</td>\n",
       "      <td>1.625053</td>\n",
       "      <td>1.225138</td>\n",
       "      <td>0.852144</td>\n",
       "    </tr>\n",
       "    <tr>\n",
       "      <th>8</th>\n",
       "      <td>0.697676</td>\n",
       "      <td>1.001780</td>\n",
       "      <td>1.328235</td>\n",
       "      <td>1.625053</td>\n",
       "      <td>1.834208</td>\n",
       "      <td>1.909761</td>\n",
       "      <td>1.834208</td>\n",
       "      <td>1.625053</td>\n",
       "      <td>1.328235</td>\n",
       "      <td>1.001780</td>\n",
       "      <td>0.697676</td>\n",
       "    </tr>\n",
       "    <tr>\n",
       "      <th>9</th>\n",
       "      <td>0.527292</td>\n",
       "      <td>0.756071</td>\n",
       "      <td>1.001780</td>\n",
       "      <td>1.225138</td>\n",
       "      <td>1.382492</td>\n",
       "      <td>1.439325</td>\n",
       "      <td>1.382492</td>\n",
       "      <td>1.225138</td>\n",
       "      <td>1.001780</td>\n",
       "      <td>0.756071</td>\n",
       "      <td>0.527292</td>\n",
       "    </tr>\n",
       "    <tr>\n",
       "      <th>10</th>\n",
       "      <td>0.367879</td>\n",
       "      <td>0.527292</td>\n",
       "      <td>0.697676</td>\n",
       "      <td>0.852144</td>\n",
       "      <td>0.960789</td>\n",
       "      <td>1.000000</td>\n",
       "      <td>0.960789</td>\n",
       "      <td>0.852144</td>\n",
       "      <td>0.697676</td>\n",
       "      <td>0.527292</td>\n",
       "      <td>0.367879</td>\n",
       "    </tr>\n",
       "  </tbody>\n",
       "</table>\n",
       "</div>"
      ],
      "text/plain": [
       "           0         1         2         3         4         5         6  \\\n",
       "0   0.367879  0.527292  0.697676  0.852144  0.960789  1.000000  0.960789   \n",
       "1   0.527292  0.756071  1.001780  1.225138  1.382492  1.439325  1.382492   \n",
       "2   0.697676  1.001780  1.328235  1.625053  1.834208  1.909761  1.834208   \n",
       "3   0.852144  1.225138  1.625053  1.988517  2.244602  2.337105  2.244602   \n",
       "4   0.960789  1.382492  1.834208  2.244602  2.533711  2.638137  2.533711   \n",
       "5   1.000000  1.439325  1.909761  2.337105  2.638137  2.746867  2.638137   \n",
       "6   0.960789  1.382492  1.834208  2.244602  2.533711  2.638137  2.533711   \n",
       "7   0.852144  1.225138  1.625053  1.988517  2.244602  2.337105  2.244602   \n",
       "8   0.697676  1.001780  1.328235  1.625053  1.834208  1.909761  1.834208   \n",
       "9   0.527292  0.756071  1.001780  1.225138  1.382492  1.439325  1.382492   \n",
       "10  0.367879  0.527292  0.697676  0.852144  0.960789  1.000000  0.960789   \n",
       "\n",
       "           7         8         9        10  \n",
       "0   0.852144  0.697676  0.527292  0.367879  \n",
       "1   1.225138  1.001780  0.756071  0.527292  \n",
       "2   1.625053  1.328235  1.001780  0.697676  \n",
       "3   1.988517  1.625053  1.225138  0.852144  \n",
       "4   2.244602  1.834208  1.382492  0.960789  \n",
       "5   2.337105  1.909761  1.439325  1.000000  \n",
       "6   2.244602  1.834208  1.382492  0.960789  \n",
       "7   1.988517  1.625053  1.225138  0.852144  \n",
       "8   1.625053  1.328235  1.001780  0.697676  \n",
       "9   1.225138  1.001780  0.756071  0.527292  \n",
       "10  0.852144  0.697676  0.527292  0.367879  "
      ]
     },
     "execution_count": 34,
     "metadata": {},
     "output_type": "execute_result"
    }
   ],
   "source": [
    "data = pd.read_csv('data_v_test.csv')\n",
    "data"
   ]
  },
  {
   "cell_type": "markdown",
   "metadata": {},
   "source": [
    "Сетка погрешностей решения тестовой задачи"
   ]
  },
  {
   "cell_type": "code",
   "execution_count": 35,
   "metadata": {},
   "outputs": [
    {
     "data": {
      "text/html": [
       "<div>\n",
       "<style scoped>\n",
       "    .dataframe tbody tr th:only-of-type {\n",
       "        vertical-align: middle;\n",
       "    }\n",
       "\n",
       "    .dataframe tbody tr th {\n",
       "        vertical-align: top;\n",
       "    }\n",
       "\n",
       "    .dataframe thead th {\n",
       "        text-align: right;\n",
       "    }\n",
       "</style>\n",
       "<table border=\"1\" class=\"dataframe\">\n",
       "  <thead>\n",
       "    <tr style=\"text-align: right;\">\n",
       "      <th></th>\n",
       "      <th>0</th>\n",
       "      <th>1</th>\n",
       "      <th>2</th>\n",
       "      <th>3</th>\n",
       "      <th>4</th>\n",
       "      <th>5</th>\n",
       "      <th>6</th>\n",
       "      <th>7</th>\n",
       "      <th>8</th>\n",
       "      <th>9</th>\n",
       "      <th>10</th>\n",
       "    </tr>\n",
       "  </thead>\n",
       "  <tbody>\n",
       "    <tr>\n",
       "      <th>0</th>\n",
       "      <td>0.0</td>\n",
       "      <td>0.000000</td>\n",
       "      <td>0.000000</td>\n",
       "      <td>0.000000</td>\n",
       "      <td>0.000000</td>\n",
       "      <td>0.000000</td>\n",
       "      <td>0.000000</td>\n",
       "      <td>0.000000</td>\n",
       "      <td>0.000000</td>\n",
       "      <td>0.000000</td>\n",
       "      <td>0.0</td>\n",
       "    </tr>\n",
       "    <tr>\n",
       "      <th>1</th>\n",
       "      <td>0.0</td>\n",
       "      <td>0.000287</td>\n",
       "      <td>0.001780</td>\n",
       "      <td>0.003735</td>\n",
       "      <td>0.005364</td>\n",
       "      <td>0.005996</td>\n",
       "      <td>0.005364</td>\n",
       "      <td>0.003735</td>\n",
       "      <td>0.001780</td>\n",
       "      <td>0.000287</td>\n",
       "      <td>0.0</td>\n",
       "    </tr>\n",
       "    <tr>\n",
       "      <th>2</th>\n",
       "      <td>0.0</td>\n",
       "      <td>0.001780</td>\n",
       "      <td>0.005106</td>\n",
       "      <td>0.008979</td>\n",
       "      <td>0.012089</td>\n",
       "      <td>0.013280</td>\n",
       "      <td>0.012089</td>\n",
       "      <td>0.008979</td>\n",
       "      <td>0.005106</td>\n",
       "      <td>0.001780</td>\n",
       "      <td>0.0</td>\n",
       "    </tr>\n",
       "    <tr>\n",
       "      <th>3</th>\n",
       "      <td>0.0</td>\n",
       "      <td>0.003735</td>\n",
       "      <td>0.008979</td>\n",
       "      <td>0.014639</td>\n",
       "      <td>0.019062</td>\n",
       "      <td>0.020738</td>\n",
       "      <td>0.019062</td>\n",
       "      <td>0.014639</td>\n",
       "      <td>0.008979</td>\n",
       "      <td>0.003735</td>\n",
       "      <td>0.0</td>\n",
       "    </tr>\n",
       "    <tr>\n",
       "      <th>4</th>\n",
       "      <td>0.0</td>\n",
       "      <td>0.005364</td>\n",
       "      <td>0.012089</td>\n",
       "      <td>0.019062</td>\n",
       "      <td>0.024421</td>\n",
       "      <td>0.026441</td>\n",
       "      <td>0.024421</td>\n",
       "      <td>0.019062</td>\n",
       "      <td>0.012089</td>\n",
       "      <td>0.005364</td>\n",
       "      <td>0.0</td>\n",
       "    </tr>\n",
       "    <tr>\n",
       "      <th>5</th>\n",
       "      <td>0.0</td>\n",
       "      <td>0.005996</td>\n",
       "      <td>0.013280</td>\n",
       "      <td>0.020738</td>\n",
       "      <td>0.026441</td>\n",
       "      <td>0.028585</td>\n",
       "      <td>0.026441</td>\n",
       "      <td>0.020738</td>\n",
       "      <td>0.013280</td>\n",
       "      <td>0.005996</td>\n",
       "      <td>0.0</td>\n",
       "    </tr>\n",
       "    <tr>\n",
       "      <th>6</th>\n",
       "      <td>0.0</td>\n",
       "      <td>0.005364</td>\n",
       "      <td>0.012089</td>\n",
       "      <td>0.019062</td>\n",
       "      <td>0.024421</td>\n",
       "      <td>0.026441</td>\n",
       "      <td>0.024421</td>\n",
       "      <td>0.019062</td>\n",
       "      <td>0.012089</td>\n",
       "      <td>0.005364</td>\n",
       "      <td>0.0</td>\n",
       "    </tr>\n",
       "    <tr>\n",
       "      <th>7</th>\n",
       "      <td>0.0</td>\n",
       "      <td>0.003735</td>\n",
       "      <td>0.008979</td>\n",
       "      <td>0.014639</td>\n",
       "      <td>0.019062</td>\n",
       "      <td>0.020738</td>\n",
       "      <td>0.019062</td>\n",
       "      <td>0.014639</td>\n",
       "      <td>0.008979</td>\n",
       "      <td>0.003735</td>\n",
       "      <td>0.0</td>\n",
       "    </tr>\n",
       "    <tr>\n",
       "      <th>8</th>\n",
       "      <td>0.0</td>\n",
       "      <td>0.001780</td>\n",
       "      <td>0.005106</td>\n",
       "      <td>0.008979</td>\n",
       "      <td>0.012089</td>\n",
       "      <td>0.013280</td>\n",
       "      <td>0.012089</td>\n",
       "      <td>0.008979</td>\n",
       "      <td>0.005106</td>\n",
       "      <td>0.001780</td>\n",
       "      <td>0.0</td>\n",
       "    </tr>\n",
       "    <tr>\n",
       "      <th>9</th>\n",
       "      <td>0.0</td>\n",
       "      <td>0.000287</td>\n",
       "      <td>0.001780</td>\n",
       "      <td>0.003735</td>\n",
       "      <td>0.005364</td>\n",
       "      <td>0.005996</td>\n",
       "      <td>0.005364</td>\n",
       "      <td>0.003735</td>\n",
       "      <td>0.001780</td>\n",
       "      <td>0.000287</td>\n",
       "      <td>0.0</td>\n",
       "    </tr>\n",
       "    <tr>\n",
       "      <th>10</th>\n",
       "      <td>0.0</td>\n",
       "      <td>0.000000</td>\n",
       "      <td>0.000000</td>\n",
       "      <td>0.000000</td>\n",
       "      <td>0.000000</td>\n",
       "      <td>0.000000</td>\n",
       "      <td>0.000000</td>\n",
       "      <td>0.000000</td>\n",
       "      <td>0.000000</td>\n",
       "      <td>0.000000</td>\n",
       "      <td>0.0</td>\n",
       "    </tr>\n",
       "  </tbody>\n",
       "</table>\n",
       "</div>"
      ],
      "text/plain": [
       "      0         1         2         3         4         5         6         7  \\\n",
       "0   0.0  0.000000  0.000000  0.000000  0.000000  0.000000  0.000000  0.000000   \n",
       "1   0.0  0.000287  0.001780  0.003735  0.005364  0.005996  0.005364  0.003735   \n",
       "2   0.0  0.001780  0.005106  0.008979  0.012089  0.013280  0.012089  0.008979   \n",
       "3   0.0  0.003735  0.008979  0.014639  0.019062  0.020738  0.019062  0.014639   \n",
       "4   0.0  0.005364  0.012089  0.019062  0.024421  0.026441  0.024421  0.019062   \n",
       "5   0.0  0.005996  0.013280  0.020738  0.026441  0.028585  0.026441  0.020738   \n",
       "6   0.0  0.005364  0.012089  0.019062  0.024421  0.026441  0.024421  0.019062   \n",
       "7   0.0  0.003735  0.008979  0.014639  0.019062  0.020738  0.019062  0.014639   \n",
       "8   0.0  0.001780  0.005106  0.008979  0.012089  0.013280  0.012089  0.008979   \n",
       "9   0.0  0.000287  0.001780  0.003735  0.005364  0.005996  0.005364  0.003735   \n",
       "10  0.0  0.000000  0.000000  0.000000  0.000000  0.000000  0.000000  0.000000   \n",
       "\n",
       "           8         9   10  \n",
       "0   0.000000  0.000000  0.0  \n",
       "1   0.001780  0.000287  0.0  \n",
       "2   0.005106  0.001780  0.0  \n",
       "3   0.008979  0.003735  0.0  \n",
       "4   0.012089  0.005364  0.0  \n",
       "5   0.013280  0.005996  0.0  \n",
       "6   0.012089  0.005364  0.0  \n",
       "7   0.008979  0.003735  0.0  \n",
       "8   0.005106  0.001780  0.0  \n",
       "9   0.001780  0.000287  0.0  \n",
       "10  0.000000  0.000000  0.0  "
      ]
     },
     "execution_count": 35,
     "metadata": {},
     "output_type": "execute_result"
    }
   ],
   "source": [
    "data = pd.read_csv('data_z_test.csv')\n",
    "abs(data)"
   ]
  },
  {
   "cell_type": "markdown",
   "metadata": {},
   "source": [
    "Основная задача"
   ]
  },
  {
   "cell_type": "markdown",
   "metadata": {},
   "source": [
    "Численное решение на обычной сетке"
   ]
  },
  {
   "cell_type": "code",
   "execution_count": 36,
   "metadata": {},
   "outputs": [
    {
     "data": {
      "text/html": [
       "<div>\n",
       "<style scoped>\n",
       "    .dataframe tbody tr th:only-of-type {\n",
       "        vertical-align: middle;\n",
       "    }\n",
       "\n",
       "    .dataframe tbody tr th {\n",
       "        vertical-align: top;\n",
       "    }\n",
       "\n",
       "    .dataframe thead th {\n",
       "        text-align: right;\n",
       "    }\n",
       "</style>\n",
       "<table border=\"1\" class=\"dataframe\">\n",
       "  <thead>\n",
       "    <tr style=\"text-align: right;\">\n",
       "      <th></th>\n",
       "      <th>0</th>\n",
       "      <th>1</th>\n",
       "      <th>2</th>\n",
       "      <th>3</th>\n",
       "      <th>4</th>\n",
       "      <th>5</th>\n",
       "      <th>6</th>\n",
       "      <th>7</th>\n",
       "      <th>8</th>\n",
       "      <th>9</th>\n",
       "      <th>...</th>\n",
       "      <th>41</th>\n",
       "      <th>42</th>\n",
       "      <th>43</th>\n",
       "      <th>44</th>\n",
       "      <th>45</th>\n",
       "      <th>46</th>\n",
       "      <th>47</th>\n",
       "      <th>48</th>\n",
       "      <th>49</th>\n",
       "      <th>50</th>\n",
       "    </tr>\n",
       "  </thead>\n",
       "  <tbody>\n",
       "    <tr>\n",
       "      <th>0</th>\n",
       "      <td>0.367879</td>\n",
       "      <td>0.397882</td>\n",
       "      <td>0.428956</td>\n",
       "      <td>0.460980</td>\n",
       "      <td>0.493812</td>\n",
       "      <td>0.527292</td>\n",
       "      <td>0.561244</td>\n",
       "      <td>0.595473</td>\n",
       "      <td>0.629770</td>\n",
       "      <td>0.663916</td>\n",
       "      <td>...</td>\n",
       "      <td>0.663916</td>\n",
       "      <td>0.629770</td>\n",
       "      <td>0.595473</td>\n",
       "      <td>0.561244</td>\n",
       "      <td>0.527292</td>\n",
       "      <td>0.493812</td>\n",
       "      <td>0.460980</td>\n",
       "      <td>0.428956</td>\n",
       "      <td>0.397882</td>\n",
       "      <td>0.367879</td>\n",
       "    </tr>\n",
       "    <tr>\n",
       "      <th>1</th>\n",
       "      <td>0.397882</td>\n",
       "      <td>0.426346</td>\n",
       "      <td>0.454821</td>\n",
       "      <td>0.483662</td>\n",
       "      <td>0.512963</td>\n",
       "      <td>0.542709</td>\n",
       "      <td>0.572829</td>\n",
       "      <td>0.603217</td>\n",
       "      <td>0.633738</td>\n",
       "      <td>0.664235</td>\n",
       "      <td>...</td>\n",
       "      <td>0.664235</td>\n",
       "      <td>0.633738</td>\n",
       "      <td>0.603217</td>\n",
       "      <td>0.572829</td>\n",
       "      <td>0.542709</td>\n",
       "      <td>0.512963</td>\n",
       "      <td>0.483662</td>\n",
       "      <td>0.454821</td>\n",
       "      <td>0.426346</td>\n",
       "      <td>0.397882</td>\n",
       "    </tr>\n",
       "    <tr>\n",
       "      <th>2</th>\n",
       "      <td>0.428956</td>\n",
       "      <td>0.454821</td>\n",
       "      <td>0.480395</td>\n",
       "      <td>0.506049</td>\n",
       "      <td>0.531968</td>\n",
       "      <td>0.558226</td>\n",
       "      <td>0.584826</td>\n",
       "      <td>0.611727</td>\n",
       "      <td>0.638845</td>\n",
       "      <td>0.666070</td>\n",
       "      <td>...</td>\n",
       "      <td>0.666070</td>\n",
       "      <td>0.638845</td>\n",
       "      <td>0.611727</td>\n",
       "      <td>0.584826</td>\n",
       "      <td>0.558226</td>\n",
       "      <td>0.531968</td>\n",
       "      <td>0.506049</td>\n",
       "      <td>0.480395</td>\n",
       "      <td>0.454821</td>\n",
       "      <td>0.428956</td>\n",
       "    </tr>\n",
       "    <tr>\n",
       "      <th>3</th>\n",
       "      <td>0.460980</td>\n",
       "      <td>0.483662</td>\n",
       "      <td>0.506049</td>\n",
       "      <td>0.528456</td>\n",
       "      <td>0.551083</td>\n",
       "      <td>0.574041</td>\n",
       "      <td>0.597376</td>\n",
       "      <td>0.621081</td>\n",
       "      <td>0.645105</td>\n",
       "      <td>0.669363</td>\n",
       "      <td>...</td>\n",
       "      <td>0.669363</td>\n",
       "      <td>0.645105</td>\n",
       "      <td>0.621081</td>\n",
       "      <td>0.597376</td>\n",
       "      <td>0.574041</td>\n",
       "      <td>0.551083</td>\n",
       "      <td>0.528456</td>\n",
       "      <td>0.506049</td>\n",
       "      <td>0.483662</td>\n",
       "      <td>0.460980</td>\n",
       "    </tr>\n",
       "    <tr>\n",
       "      <th>4</th>\n",
       "      <td>0.493812</td>\n",
       "      <td>0.512963</td>\n",
       "      <td>0.531968</td>\n",
       "      <td>0.551083</td>\n",
       "      <td>0.570489</td>\n",
       "      <td>0.590303</td>\n",
       "      <td>0.610581</td>\n",
       "      <td>0.631332</td>\n",
       "      <td>0.652515</td>\n",
       "      <td>0.674054</td>\n",
       "      <td>...</td>\n",
       "      <td>0.674054</td>\n",
       "      <td>0.652515</td>\n",
       "      <td>0.631332</td>\n",
       "      <td>0.610581</td>\n",
       "      <td>0.590303</td>\n",
       "      <td>0.570489</td>\n",
       "      <td>0.551083</td>\n",
       "      <td>0.531968</td>\n",
       "      <td>0.512963</td>\n",
       "      <td>0.493812</td>\n",
       "    </tr>\n",
       "    <tr>\n",
       "      <th>5</th>\n",
       "      <td>0.527292</td>\n",
       "      <td>0.542709</td>\n",
       "      <td>0.558226</td>\n",
       "      <td>0.574041</td>\n",
       "      <td>0.590303</td>\n",
       "      <td>0.607109</td>\n",
       "      <td>0.624509</td>\n",
       "      <td>0.642505</td>\n",
       "      <td>0.661054</td>\n",
       "      <td>0.680075</td>\n",
       "      <td>...</td>\n",
       "      <td>0.680075</td>\n",
       "      <td>0.661054</td>\n",
       "      <td>0.642505</td>\n",
       "      <td>0.624509</td>\n",
       "      <td>0.607109</td>\n",
       "      <td>0.590303</td>\n",
       "      <td>0.574041</td>\n",
       "      <td>0.558226</td>\n",
       "      <td>0.542709</td>\n",
       "      <td>0.527292</td>\n",
       "    </tr>\n",
       "    <tr>\n",
       "      <th>6</th>\n",
       "      <td>0.561244</td>\n",
       "      <td>0.572829</td>\n",
       "      <td>0.584826</td>\n",
       "      <td>0.597376</td>\n",
       "      <td>0.610581</td>\n",
       "      <td>0.624509</td>\n",
       "      <td>0.639185</td>\n",
       "      <td>0.654592</td>\n",
       "      <td>0.670675</td>\n",
       "      <td>0.687342</td>\n",
       "      <td>...</td>\n",
       "      <td>0.687342</td>\n",
       "      <td>0.670675</td>\n",
       "      <td>0.654592</td>\n",
       "      <td>0.639185</td>\n",
       "      <td>0.624509</td>\n",
       "      <td>0.610581</td>\n",
       "      <td>0.597376</td>\n",
       "      <td>0.584826</td>\n",
       "      <td>0.572829</td>\n",
       "      <td>0.561244</td>\n",
       "    </tr>\n",
       "    <tr>\n",
       "      <th>7</th>\n",
       "      <td>0.595473</td>\n",
       "      <td>0.603217</td>\n",
       "      <td>0.611727</td>\n",
       "      <td>0.621081</td>\n",
       "      <td>0.631332</td>\n",
       "      <td>0.642505</td>\n",
       "      <td>0.654592</td>\n",
       "      <td>0.667552</td>\n",
       "      <td>0.681307</td>\n",
       "      <td>0.695749</td>\n",
       "      <td>...</td>\n",
       "      <td>0.695749</td>\n",
       "      <td>0.681307</td>\n",
       "      <td>0.667552</td>\n",
       "      <td>0.654592</td>\n",
       "      <td>0.642505</td>\n",
       "      <td>0.631332</td>\n",
       "      <td>0.621081</td>\n",
       "      <td>0.611727</td>\n",
       "      <td>0.603217</td>\n",
       "      <td>0.595473</td>\n",
       "    </tr>\n",
       "    <tr>\n",
       "      <th>8</th>\n",
       "      <td>0.629770</td>\n",
       "      <td>0.633738</td>\n",
       "      <td>0.638845</td>\n",
       "      <td>0.645105</td>\n",
       "      <td>0.652515</td>\n",
       "      <td>0.661054</td>\n",
       "      <td>0.670675</td>\n",
       "      <td>0.681307</td>\n",
       "      <td>0.692847</td>\n",
       "      <td>0.705172</td>\n",
       "      <td>...</td>\n",
       "      <td>0.705172</td>\n",
       "      <td>0.692847</td>\n",
       "      <td>0.681307</td>\n",
       "      <td>0.670675</td>\n",
       "      <td>0.661054</td>\n",
       "      <td>0.652515</td>\n",
       "      <td>0.645105</td>\n",
       "      <td>0.638845</td>\n",
       "      <td>0.633738</td>\n",
       "      <td>0.629770</td>\n",
       "    </tr>\n",
       "    <tr>\n",
       "      <th>9</th>\n",
       "      <td>0.663916</td>\n",
       "      <td>0.664235</td>\n",
       "      <td>0.666070</td>\n",
       "      <td>0.669363</td>\n",
       "      <td>0.674054</td>\n",
       "      <td>0.680075</td>\n",
       "      <td>0.687342</td>\n",
       "      <td>0.695749</td>\n",
       "      <td>0.705172</td>\n",
       "      <td>0.715466</td>\n",
       "      <td>...</td>\n",
       "      <td>0.715466</td>\n",
       "      <td>0.705172</td>\n",
       "      <td>0.695749</td>\n",
       "      <td>0.687342</td>\n",
       "      <td>0.680075</td>\n",
       "      <td>0.674054</td>\n",
       "      <td>0.669363</td>\n",
       "      <td>0.666070</td>\n",
       "      <td>0.664235</td>\n",
       "      <td>0.663916</td>\n",
       "    </tr>\n",
       "    <tr>\n",
       "      <th>10</th>\n",
       "      <td>0.697676</td>\n",
       "      <td>0.694533</td>\n",
       "      <td>0.693257</td>\n",
       "      <td>0.693728</td>\n",
       "      <td>0.695830</td>\n",
       "      <td>0.699450</td>\n",
       "      <td>0.704465</td>\n",
       "      <td>0.710741</td>\n",
       "      <td>0.718128</td>\n",
       "      <td>0.726469</td>\n",
       "      <td>...</td>\n",
       "      <td>0.726469</td>\n",
       "      <td>0.718128</td>\n",
       "      <td>0.710741</td>\n",
       "      <td>0.704465</td>\n",
       "      <td>0.699450</td>\n",
       "      <td>0.695830</td>\n",
       "      <td>0.693728</td>\n",
       "      <td>0.693257</td>\n",
       "      <td>0.694533</td>\n",
       "      <td>0.697676</td>\n",
       "    </tr>\n",
       "    <tr>\n",
       "      <th>11</th>\n",
       "      <td>0.730811</td>\n",
       "      <td>0.724431</td>\n",
       "      <td>0.720235</td>\n",
       "      <td>0.718043</td>\n",
       "      <td>0.717690</td>\n",
       "      <td>0.719021</td>\n",
       "      <td>0.721882</td>\n",
       "      <td>0.726111</td>\n",
       "      <td>0.731542</td>\n",
       "      <td>0.737999</td>\n",
       "      <td>...</td>\n",
       "      <td>0.737999</td>\n",
       "      <td>0.731542</td>\n",
       "      <td>0.726111</td>\n",
       "      <td>0.721882</td>\n",
       "      <td>0.719021</td>\n",
       "      <td>0.717690</td>\n",
       "      <td>0.718043</td>\n",
       "      <td>0.720235</td>\n",
       "      <td>0.724431</td>\n",
       "      <td>0.730811</td>\n",
       "    </tr>\n",
       "    <tr>\n",
       "      <th>12</th>\n",
       "      <td>0.763074</td>\n",
       "      <td>0.753714</td>\n",
       "      <td>0.746804</td>\n",
       "      <td>0.742115</td>\n",
       "      <td>0.739443</td>\n",
       "      <td>0.738599</td>\n",
       "      <td>0.739402</td>\n",
       "      <td>0.741669</td>\n",
       "      <td>0.745216</td>\n",
       "      <td>0.749859</td>\n",
       "      <td>...</td>\n",
       "      <td>0.749859</td>\n",
       "      <td>0.745216</td>\n",
       "      <td>0.741669</td>\n",
       "      <td>0.739402</td>\n",
       "      <td>0.738599</td>\n",
       "      <td>0.739443</td>\n",
       "      <td>0.742115</td>\n",
       "      <td>0.746804</td>\n",
       "      <td>0.753714</td>\n",
       "      <td>0.763074</td>\n",
       "    </tr>\n",
       "    <tr>\n",
       "      <th>13</th>\n",
       "      <td>0.794216</td>\n",
       "      <td>0.782148</td>\n",
       "      <td>0.772740</td>\n",
       "      <td>0.765727</td>\n",
       "      <td>0.760876</td>\n",
       "      <td>0.757972</td>\n",
       "      <td>0.756814</td>\n",
       "      <td>0.757203</td>\n",
       "      <td>0.758944</td>\n",
       "      <td>0.761847</td>\n",
       "      <td>...</td>\n",
       "      <td>0.761847</td>\n",
       "      <td>0.758944</td>\n",
       "      <td>0.757203</td>\n",
       "      <td>0.756814</td>\n",
       "      <td>0.757972</td>\n",
       "      <td>0.760876</td>\n",
       "      <td>0.765727</td>\n",
       "      <td>0.772740</td>\n",
       "      <td>0.782148</td>\n",
       "      <td>0.794216</td>\n",
       "    </tr>\n",
       "    <tr>\n",
       "      <th>14</th>\n",
       "      <td>0.823987</td>\n",
       "      <td>0.809490</td>\n",
       "      <td>0.797802</td>\n",
       "      <td>0.788640</td>\n",
       "      <td>0.781751</td>\n",
       "      <td>0.776906</td>\n",
       "      <td>0.773889</td>\n",
       "      <td>0.772492</td>\n",
       "      <td>0.772512</td>\n",
       "      <td>0.773755</td>\n",
       "      <td>...</td>\n",
       "      <td>0.773755</td>\n",
       "      <td>0.772512</td>\n",
       "      <td>0.772492</td>\n",
       "      <td>0.773889</td>\n",
       "      <td>0.776906</td>\n",
       "      <td>0.781751</td>\n",
       "      <td>0.788640</td>\n",
       "      <td>0.797802</td>\n",
       "      <td>0.809490</td>\n",
       "      <td>0.823987</td>\n",
       "    </tr>\n",
       "    <tr>\n",
       "      <th>15</th>\n",
       "      <td>0.852144</td>\n",
       "      <td>0.835486</td>\n",
       "      <td>0.821733</td>\n",
       "      <td>0.810597</td>\n",
       "      <td>0.801817</td>\n",
       "      <td>0.795156</td>\n",
       "      <td>0.790391</td>\n",
       "      <td>0.787308</td>\n",
       "      <td>0.785701</td>\n",
       "      <td>0.785374</td>\n",
       "      <td>...</td>\n",
       "      <td>0.785374</td>\n",
       "      <td>0.785701</td>\n",
       "      <td>0.787308</td>\n",
       "      <td>0.790391</td>\n",
       "      <td>0.795156</td>\n",
       "      <td>0.801817</td>\n",
       "      <td>0.810597</td>\n",
       "      <td>0.821733</td>\n",
       "      <td>0.835486</td>\n",
       "      <td>0.852144</td>\n",
       "    </tr>\n",
       "    <tr>\n",
       "      <th>16</th>\n",
